uerborum 7117771177777. ι 373

7777177177 319, 10 Ι
ᾳῃῗἮ-ἿἬ 7719υζέ973130779719, - in 7717777777 17 feriturum

268, 26. 270, 7. 299, 23. 312, 11 -
quia 7677771717 17 77177 7717 qqiou
177717 71 7177777677 luderis 297, 27. 27. 29, 29 (cs. ut). u· 7776777777 quii
· quantoque uuneuexumur. tanto fir· -deus meus quod 777 7771777771
miter roboremur 287, 27. quorum 3. 258, 30 (cf. quod)
quanto uiolentia iu saeculo 77777777 quidquam: 17777 dicimus non quidquam
putuit, 177717. nunctis sacerdotibus ex uobis 315,4 (77.7117117717771777,
13711 77737771.. 711117 3171363131
7777ιῖ117 poena 7717 7777119177 76, 19 77723819 qum
7
71717771, libere 7117778925, 5. quun· 29 · ' ἶ
tum 71777 uon 71771 24, 29 cf. 176, quus (= uter) uestrum 94, 6. 14. 104,
9. quantum 7 exitumuihilinterest 11. 16. 120, 4. 156, 16. 251, 9. 262, .
313, 28 29. qui uestrum 126, 4 - quis homo
131ῑ6613111117723 973713176111111167
quamisuu, 11).eonfi1ixemntueuu quisqu 777 qumis? 76,'11. quasi
1777777777771777-7777111177111- quis 7777777172 76, 22 .
67777 7777777777] 328, 21. quo nullus quo (ε ut) 777777 777771777777777 pos·
716777177 propter deum missus 771 sint 77777 posset 77777777 possent
777117, 7771 quod quusi pro 7777171777 58, 29. 74, 3. 199, 93. 151, 27. 164,
77771777 162, 27 , 24. 176, 18. 189, 20. 194, 24. 201,
7777 7, 777, 777

eam 7777113313. quia 1777177117
, 218, 17 - 771777777777.7.7’7771.·
777777 indicativo 97, 27. 129, 12.
149, 9. 15. 267, 2. 211, 80. 237, 23.
260, 6. 267, 29 - cum 7777177777-
17777 38,13. 41,17. 52, 7. 8. 58,
16. 167, 4182, 4. 264, 19. 270, 11
11.-7131 6761111711 ‘¹¹¹¹
{uelut 57, 17. 22. 111, 15. 116, 20.
37, 14. 161, 4. 176, 32. 184, 23.
194, 5. 205, 19. 219,17. 22311.
236, 7. 29. 237, 27., 240, 11248,
13. 27. 254, 21. 23. 260, 30. 265,
8. 273, 7. 286, 22. 301, 17. 312, 25.
323, 17. 327, 26) uam 777777 7777-
777771777 (uelut 171722. 16,1.
418, 10. 15. 21. 20, 4. 24, 26. 31, 9.
25. 39, 28. 48, 26. 50, 22. 65, 15.
71, 26. 83, 12. 87, 21. 94, 1029.
100, 15. 16. 102, 21. 113, 26. 140,
2. 149, 2. 7. 170, 29. 154, 23. 200,

326, 19. quo nullus 7167771777771717
162, 26 ef. 241, 28. 303, 1

quoadusque 1777117777 probet 59, 17. .

256, 30. 296, 20

quod pro 777777. 7. ium· cum 77771777-

1777 95, 10. 158, 9. 219,11. 312,

· 5333, 7 - cum 77777776777 4,

14. 10, 15. 18, 1020, 14. 41,17.
45, 23. 51, 7. 53, 12. 3032. 54, 6.
55, 8.· 59, 19. 83, 20. 87, 15. 108,
22. 154, 25. 264, 26266, 18. 268,
24. 291, 20. 24. 296, 27. 301, 5 cf.
quod enim 7. 77. euimp. 5161·-
quod (= equs. 7717377777 7767771777
77767167661266
3..6.1.u.61⁸.-62.u.2q
717 1717777777 7777777771777 51, 15. 71
9167ιᾷ98979 987731Πὲ9, ⁵7 p2⁰5tss¹f⁸{3t.
286, . 301, 2. 5. 313, 3 (cf. qula)

11. 203, 3. 32. 210, 12. 217, 18. quoduis (= utrumque).24, 24
246, 22. 252, 12. 267, 3. 294, 12. quomodo: 7117717777 771 quomodo 17777-

307, 28. ‘cf quia enim 7. u. euim
p. 361. 7777 quuu 777777777717777
Ι196137,’67217ῗίλ7137971,4’751.407’79ζ 11
190, 14. 191, 3. 12. 200,1. 25411.

us 7771 96, 17. nou statim quomodo
θ’ 771 deus derelictus 45, 20 -
7.-..777777777
71, quomodo 717, 7777711177 consulueris, ’

 

