uerborum 6115151165515. · 357·

166 545, 55 575, 35- 66366166
16155655516661

ww 6316631661666661516666
31161366161151611656561135155,
18 154, 8 1516116 6111611 161 10,
15615111·111661550,4. 156166 651616
154, 8, 568, 4. 106616665565611661,
. 10116. 75,115, 76;8. 161, 1, 107,1
· 4. 150, 23. 146, 24. 148,·27.' 160,
54. 81. 515, 9, 1116111 66116156 48,
571811. 89, 18. 42, 8. 18. 87,
19. 97, 55. 181, 5.’ 117, 5 8 145,
54. 56 151,57.1515,13. 1565115561
16611 35, 7 1156515160566651139, 15.
49,19.1,07 54 151, 11. 157, 57
161, 22 111116666 666516111018,
114151598153,.50 11116661
1631666651615111 8,58.19,55,54. 10,

» 7. 18, 10, 11. 15, 36, 50, 44, 8. 45,
50.47,7,49,16..5666,.,.55808
88,9,195,4.1157,56.15116161556311651

3560111516 53651651635151116556111
(pro 111111618 116151,3560)5,5 31.
811 113 6811116165.
1561111116 (pr 6116116 1656111615 51615
iustitiae ,qui uiueret) 197, 5 quanto
566 516316 1666563166 ex 66616 =
616360616151111116 tacendumne 6111·
61 1116110616 61161616 diuina 61116 611·
01355111 661 aporire (1. e. 661656 156316
0135515 661 356111 aporire) 235 1.Ι -
60 6106511 661515 11116111 5166166 1156
1116 6065066 67, 19. 06511111 6de
665611661515111 0116611116 5666111 68, 19.
6115 6111606111 50 66615111 6511116116
563561650101160111631165115111311, 4
ef. 70, 2. 121, 9-66116111166116·
261664511251626116
606111116056116653161611611615,Ι 15
mihi 6666 uideris 06111, Athanasius

8‚’31. 10, 9. 81, 15. 84, 7. 111, 8, 152, 5656 Abel ex 1166 6336565111ῢί·
5515, 27. 1516661166161111561111611 160, 0166116 ’0611 61 11111 0111611 175, 59
18. fuissent 01616 16, 5. 28 33, 151 (61.3) 651161 1661 606) η·13116560116,,
160, 22. 1516660650111611111137, 81. tu, qui 1116161316 61115111 516 510611
51,1.58 81,13 89, 57 (cf. 87,]4)015666161611116111066151116366161551
6666166165ωᾶ6. 1661111· 51 0166166·061151616111566651615’; ‘ex
6611110616 61565066161166111615316566 0661516116· 56 616 175, 56
591,58.16161160635616651116611-661156561611,19
1106· 258, 7 6655651611651615661166 5161106616 15,
661113616 (= 1616063666) )30, 4. 63, 59. 15
149, 18, 544, 51 584, 131 3561106 6655116116 6116116135, 2. 6650161161·
Ρ61111116 06611116 06 6611661163) 1516 rendae conminationes 5631461.
01565110161611610116 277, 2 141, 21. 244, 57 61101
collocatio uerborum mama.- 511651 6655111616061611666,651·66151516616
810611131111311133313 51111115151111)
616661651810,6. 11611 61116 05016 55313
153166 188, 171. 149, 7 -6611606116 commodare 6656656155 359, 3. 880,
1161116116ξὲ1101, 91166101101111116111111015111111 6611115111111111014111 13816216 6651565616 .
5615516165 80, 18. 661116 6165156 51815)
11111166 1566 530, 22. (1165111) non 66555516651651516665513-66666
31666616 611116 6651111137, 50 haee 1666116561 eo) 10, 10,· 6615516111-
1636165066611115557, 15161. 16 care alienis 36666116 55, 55, alieni
66111111 115, 58. 167, ’.15 508, 5. 145, 10 66636166
531, 5958171. 54519 255, 80 6655551651111166651Α1516561551161, 54
57881166661115678131-156 conqueri: 01666 651 06 1116366616 6611-
-665615 3,16,1,61615661’6161 35651161 066, 35615606 6135616116·
15165 547, 27. nihil 6666 06 61111161 - 6111616 1101111161 1361 conqueraris
8,· 8. 6551 356 66111366 6551 temet 57310
55, 15 611 116356 151 54, 25. 6656111516 apud 16 misericordia 186,

194,15.606611615316666551 599, 30. 1116 nobiseum semper 6656111516

301117 6. 322, 51. cs. 61611115. —- 594,10.111 1656016666116111516615
’66156116 5165666615, 6515615· m 655·151111111651366178,1861. 6, 25. 30,

00111616 616665163161165 1111116166, 1810817. 115, 7. 148, 361101.

 

